0.133690
0.178280
0.222870
0.267470
0.312090
0.356710
0.401340
0.445960
0.490580
0.535210
0.579830
0.624450
0.669050
0.713640
0.758200
0.802760
0.847330
0.891890
0.936450
0.981010
1.025610
1.070200
1.114820
1.159450
1.204070
1.248690
1.293320
1.337940
1.427190
1.471810
1.516430
1.561030
1.605620
1.650210
1.694800
1.739370
1.783930
1.828490
1.873050
1.917620
1.962180
2.006770
2.051360
2.095990
2.140610
2.185240
2.229860
2.274480
2.319110
2.363730
2.408350
2.452980
2.497570
2.542160
2.586750
2.631350
2.675940
2.720530
2.765130
2.809720
2.854310
2.898900
2.943500
2.988090
3.032680
3.077280
3.121870
3.166460
3.211050
3.255650
3.344830
3.389430
3.434020
3.478610
3.523200
3.567800
3.612390
3.656980
3.701580
3.746170
3.790760
3.835360
3.879950
3.924540
3.969130
4.013730
4.058320
4.102910
4.147510
4.192100
4.236720
4.281350
4.325970
4.370590
4.415220
4.459840
4.504460
4.549090
4.593680
4.638270
4.682860
4.727460
4.772050
4.816640
4.861240
4.950420
4.995010
5.039610
5.084200
5.128790
5.173390
5.262570
5.307160
5.351760
5.396350
5.440940
5.485540
5.530130
5.574720
5.663910
5.708500
5.753090
5.797690
5.842280
5.931470
5.976060
6.065240
6.109870
6.154490
6.199110
6.243740
6.288360
6.332990
6.377610
6.422230
6.511450
6.556010
6.600570
6.645140
6.689700
6.734260
6.778820
6.867950
6.912540
6.957160
7.001790
7.046410
7.091030
7.135660
7.180280
7.224900
7.269530
7.314150
7.358770
7.403370
7.447960
7.537150
7.581740
7.626330
7.670920
7.715520
7.760110
7.804700
7.893890
7.938480
7.983070
8.027670
8.072260
8.116850
8.161450
8.206040
8.250630
8.339820
8.384410
8.429000
8.473600
8.518190
8.562780
8.607370
8.651970
8.696560
8.741150
8.785750
8.830340
8.874930
8.964120
9.008710
9.053300
9.097930
9.142550
9.187170
9.231800
9.276420
9.321040
9.365670
9.410290
9.454880
9.544040
9.588600
9.633160
9.677730
9.722290
9.766880
9.811510
9.900750
9.945370
9.990000
10.034620
10.123870
10.168460
10.213060
10.257650
10.302240
10.346830
10.391430
10.436020
10.525200
10.569800
10.614390
10.658980
10.748170
10.792760
10.837360
10.881950
10.926540
10.971130
11.015730
11.060320
11.104910
11.149510
11.194100
11.238690
11.283280
11.327880
11.372470
11.461660
11.506250
11.550840
11.595430
11.640030
11.684620
11.729210
11.773840
11.818460
11.863080
11.952330
11.996950
12.041580
12.086170
12.130760
12.175360
